Time	YPD_1	YPD_2	YPD_3	YPD_4	YPD_5	YPD_6	YPD_7	YPD_8	Mev(0)_1	Mev(0)_2	Mev(0)_3	Mev(0)_4	BS181(0)_1	BS181(0)_2	BS181(0)_3	BS181(0)_4	DMSO(0)_1	DMSO(0)_2	DMSO(0)_3	DMSO(0)_4	Mev(2.5)_1	Mev(2.5)_2	Mev(2.5)_3	Mev(2.5)_4	BS181(2.5)_1	BS181(2.5)_2	BS181(2.5)_3	BS181(2.5)_4	DMSO(2.5)_1	DMSO(2.5)_2	DMSO(2.5)_3	DMSO(2.5)_4	Mev(5)_1	Mev(5)_2	Mev(5)_3	Mev(5)_4	BS181(5)_1	BS181(5)_2	BS181(5)_3	BS181(5)_4	DMSO(5)_1	DMSO(5)_2	DMSO(5)_3	DMSO(5)_4	Mev(10)_1	Mev(10)_2	Mev(10)_3	Mev(10)_4	BS181(10)_1	BS181(10)_2	BS181(10)_3	BS181(10)_4	DMSO(10)_1	DMSO(10)_2	DMSO(10)_3	DMSO(10)_4	Mev(20)_1	Mev(20)_2	Mev(20)_3	Mev(20)_4	BS181(20)_1	BS181(20)_2	BS181(20)_3	BS181(20)_4	DMSO(20)_1	DMSO(20)_2	DMSO(20)_3	DMSO(20)_4	Mev(30)_1	Mev(30)_2	Mev(30)_3	Mev(30)_4	BS181(30)_1	BS181(30)_2	BS181(30)_3	BS181(30)_4	DMSO(30)_1	DMSO(30)_2	DMSO(30)_3	DMSO(30)_4	Mev(40)_1	Mev(40)_2	Mev(40)_3	Mev(40)_4	BS181(40)_1	BS181(40)_2	BS181(40)_3	BS181(40)_4	DMSO(40)_1	DMSO(40)_2	DMSO(40)_3	DMSO(40)_4
0:00:00	0.092	0.091	0.091	0.091	0.088	0.086	0.088	0.087	0.098	0.096	0.095	0.094	0.095	0.093	0.092	0.092	0.092	0.093	0.092	0.093	0.094	0.096	0.092	0.093	0.092	0.094	0.093	0.092	0.092	0.092	0.091	0.092	0.093	0.092	0.093	0.092	0.095	0.093	0.092	0.092	0.091	0.092	0.092	0.092	0.095	0.095	0.095	0.095	0.092	0.091	0.093	0.092	0.092	0.091	0.091	0.092	0.125	0.102	0.102	0.103	0.091	0.092	0.092	0.092	0.093	0.092	0.092	0.094	0.107	0.105	0.105	0.105	0.092	0.093	0.091	0.092	0.096	0.093	0.091	0.093	0.124	0.118	0.121	0.119	0.093	0.092	0.092	0.095	0.093	0.091	0.277	0.09
0:20:00	0.092	0.091	0.091	0.091	0.088	0.086	0.088	0.087	0.095	0.096	0.097	0.096	0.096	0.096	0.096	0.095	0.098	0.094	0.102	0.097	0.096	0.096	0.094	0.097	0.095	0.096	0.096	0.097	0.093	0.098	0.104	0.093	0.094	0.093	0.093	0.093	0.098	0.097	0.099	0.098	0.099	0.1	0.117	0.108	0.094	0.095	0.095	0.094	0.097	0.097	0.097	0.095	0.102	0.105	0.125	0.122	0.124	0.102	0.102	0.108	0.095	0.097	0.103	0.095	0.094	0.097	0.109	0.117	0.107	0.109	0.107	0.105	0.095	0.099	0.1	0.101	0.11	0.098	0.101	0.099	0.126	0.118	0.131	0.119	0.093	0.098	0.102	0.112	0.098	0.095	0.266	0.113
0:40:00	0.092	0.091	0.091	0.091	0.088	0.086	0.088	0.087	0.095	0.096	0.097	0.095	0.096	0.095	0.095	0.094	0.096	0.094	0.098	0.095	0.095	0.096	0.094	0.095	0.094	0.096	0.096	0.096	0.096	0.106	0.108	0.093	0.094	0.093	0.093	0.092	0.097	0.096	0.097	0.097	0.097	0.11	0.13	0.108	0.094	0.095	0.094	0.093	0.096	0.096	0.096	0.095	0.101	0.116	0.141	0.149	0.122	0.102	0.102	0.106	0.094	0.095	0.098	0.094	0.096	0.107	0.129	0.147	0.108	0.108	0.108	0.106	0.095	0.097	0.096	0.097	0.105	0.1	0.106	0.101	0.126	0.119	0.127	0.119	0.093	0.095	0.098	0.101	0.097	0.094	0.264	0.102
1:00:00	0.092	0.091	0.091	0.091	0.088	0.086	0.088	0.087	0.096	0.096	0.097	0.095	0.096	0.096	0.096	0.095	0.096	0.094	0.099	0.095	0.096	0.096	0.094	0.096	0.094	0.096	0.097	0.097	0.092	0.096	0.096	0.093	0.094	0.093	0.093	0.093	0.097	0.097	0.098	0.098	0.095	0.106	0.13	0.102	0.094	0.095	0.094	0.093	0.096	0.097	0.098	0.096	0.097	0.114	0.146	0.156	0.123	0.102	0.102	0.106	0.094	0.096	0.099	0.095	0.094	0.106	0.131	0.155	0.108	0.109	0.108	0.106	0.095	0.098	0.097	0.097	0.106	0.097	0.102	0.1	0.126	0.119	0.124	0.12	0.093	0.095	0.098	0.1	0.096	0.094	0.265	0.102
1:20:00	0.092	0.091	0.091	0.091	0.088	0.086	0.088	0.087	0.096	0.097	0.098	0.096	0.097	0.096	0.096	0.095	0.097	0.094	0.1	0.095	0.096	0.097	0.095	0.097	0.095	0.097	0.098	0.097	0.093	0.094	0.096	0.093	0.094	0.093	0.094	0.092	0.098	0.097	0.099	0.099	0.096	0.096	0.117	0.103	0.095	0.095	0.094	0.093	0.098	0.098	0.099	0.097	0.097	0.104	0.145	0.15	0.124	0.102	0.102	0.106	0.094	0.096	0.1	0.096	0.095	0.098	0.125	0.147	0.109	0.109	0.108	0.107	0.095	0.098	0.097	0.098	0.106	0.097	0.095	0.101	0.128	0.12	0.126	0.12	0.093	0.095	0.098	0.101	0.097	0.095	0.266	0.102
1:40:00	0.092	0.091	0.091	0.091	0.088	0.086	0.088	0.087	0.097	0.097	0.098	0.096	0.097	0.096	0.096	0.095	0.097	0.095	0.101	0.096	0.097	0.097	0.096	0.098	0.096	0.097	0.098	0.098	0.093	0.095	0.097	0.093	0.095	0.093	0.094	0.093	0.099	0.098	0.1	0.1	0.096	0.097	0.1	0.104	0.095	0.096	0.094	0.093	0.099	0.099	0.099	0.097	0.098	0.098	0.132	0.115	0.124	0.103	0.102	0.107	0.095	0.097	0.1	0.097	0.095	0.096	0.115	0.12	0.109	0.109	0.109	0.107	0.096	0.1	0.098	0.099	0.108	0.097	0.095	0.102	0.126	0.12	0.128	0.12	0.093	0.095	0.097	0.101	0.097	0.095	0.266	0.103
2:00:00	0.092	0.091	0.091	0.091	0.088	0.086	0.088	0.087	0.097	0.097	0.098	0.097	0.097	0.097	0.097	0.096	0.098	0.095	0.102	0.096	0.097	0.097	0.096	0.099	0.096	0.098	0.099	0.1	0.093	0.095	0.098	0.093	0.096	0.094	0.095	0.093	0.1	0.099	0.101	0.101	0.097	0.097	0.1	0.105	0.095	0.096	0.095	0.093	0.1	0.101	0.1	0.099	0.099	0.098	0.121	0.099	0.128	0.103	0.102	0.108	0.096	0.097	0.101	0.097	0.095	0.097	0.109	0.108	0.11	0.11	0.108	0.107	0.096	0.1	0.099	0.101	0.107	0.097	0.096	0.1	0.126	0.119	0.128	0.12	0.093	0.095	0.098	0.101	0.097	0.094	0.265	0.103
2:20:00	0.092	0.091	0.091	0.091	0.088	0.086	0.088	0.087	0.097	0.098	0.099	0.097	0.098	0.097	0.097	0.096	0.099	0.095	0.102	0.096	0.098	0.098	0.097	0.099	0.097	0.099	0.1	0.1	0.094	0.096	0.099	0.094	0.097	0.094	0.095	0.093	0.101	0.1	0.102	0.102	0.098	0.098	0.102	0.106	0.096	0.096	0.095	0.093	0.101	0.102	0.102	0.1	0.1	0.1	0.111	0.098	0.13	0.103	0.102	0.108	0.096	0.098	0.102	0.098	0.096	0.097	0.102	0.1	0.11	0.11	0.109	0.107	0.097	0.101	0.1	0.101	0.107	0.098	0.096	0.101	0.126	0.118	0.128	0.119	0.093	0.095	0.098	0.101	0.098	0.095	0.264	0.102
2:40:00	0.092	0.091	0.091	0.091	0.088	0.086	0.088	0.087	0.098	0.098	0.099	0.098	0.098	0.098	0.098	0.097	0.099	0.096	0.104	0.097	0.098	0.098	0.097	0.1	0.097	0.099	0.101	0.101	0.094	0.096	0.1	0.094	0.097	0.095	0.096	0.094	0.102	0.101	0.103	0.103	0.098	0.099	0.102	0.108	0.096	0.097	0.095	0.093	0.102	0.103	0.103	0.1	0.101	0.101	0.106	0.099	0.131	0.103	0.103	0.109	0.097	0.098	0.102	0.099	0.096	0.098	0.098	0.097	0.11	0.11	0.109	0.107	0.098	0.102	0.101	0.102	0.1	0.098	0.096	0.102	0.125	0.118	0.127	0.118	0.093	0.095	0.098	0.101	0.098	0.096	0.265	0.102
3:00:00	0.092	0.091	0.091	0.091	0.088	0.086	0.088	0.087	0.098	0.099	0.1	0.098	0.099	0.098	0.099	0.097	0.1	0.096	0.105	0.097	0.099	0.099	0.098	0.101	0.098	0.1	0.102	0.102	0.095	0.097	0.101	0.094	0.098	0.095	0.097	0.094	0.103	0.102	0.104	0.104	0.099	0.099	0.104	0.11	0.096	0.097	0.095	0.093	0.103	0.105	0.104	0.101	0.102	0.101	0.106	0.1	0.128	0.103	0.103	0.11	0.098	0.099	0.104	0.1	0.097	0.099	0.099	0.096	0.109	0.111	0.109	0.107	0.098	0.103	0.101	0.103	0.102	0.098	0.096	0.101	0.125	0.117	0.125	0.118	0.093	0.096	0.099	0.102	0.097	0.095	0.265	0.102
3:20:00	0.092	0.091	0.091	0.091	0.088	0.086	0.088	0.087	0.099	0.1	0.101	0.099	0.1	0.099	0.1	0.098	0.101	0.097	0.107	0.098	0.099	0.1	0.099	0.102	0.099	0.102	0.104	0.104	0.095	0.098	0.102	0.094	0.099	0.096	0.097	0.094	0.104	0.104	0.105	0.106	0.1	0.1	0.105	0.111	0.096	0.097	0.095	0.093	0.104	0.106	0.105	0.102	0.103	0.102	0.107	0.101	0.126	0.104	0.103	0.111	0.099	0.1	0.105	0.101	0.097	0.099	0.099	0.097	0.11	0.11	0.109	0.107	0.099	0.104	0.102	0.104	0.101	0.099	0.097	0.102	0.124	0.117	0.124	0.118	0.093	0.096	0.099	0.102	0.099	0.096	0.262	0.103
3:40:00	0.092	0.091	0.091	0.091	0.088	0.086	0.088	0.087	0.1	0.1	0.102	0.1	0.1	0.1	0.101	0.099	0.102	0.097	0.108	0.098	0.1	0.1	0.1	0.104	0.1	0.103	0.105	0.105	0.096	0.099	0.103	0.095	0.1	0.096	0.098	0.095	0.105	0.105	0.107	0.107	0.101	0.101	0.107	0.114	0.097	0.098	0.095	0.093	0.105	0.108	0.107	0.104	0.104	0.104	0.108	0.102	0.129	0.104	0.103	0.112	0.1	0.101	0.106	0.102	0.097	0.1	0.099	0.097	0.109	0.11	0.108	0.107	0.1	0.105	0.104	0.106	0.101	0.099	0.097	0.102	0.124	0.117	0.123	0.118	0.093	0.096	0.099	0.102	0.098	0.096	0.26	0.102
4:00:00	0.092	0.091	0.091	0.091	0.088	0.086	0.088	0.087	0.1	0.101	0.103	0.101	0.101	0.101	0.102	0.1	0.104	0.098	0.111	0.099	0.101	0.101	0.101	0.105	0.101	0.104	0.107	0.107	0.097	0.1	0.105	0.095	0.101	0.097	0.099	0.095	0.106	0.107	0.108	0.109	0.102	0.103	0.109	0.116	0.097	0.098	0.095	0.093	0.108	0.11	0.108	0.105	0.105	0.105	0.11	0.103	0.124	0.104	0.103	0.113	0.1	0.102	0.107	0.102	0.098	0.101	0.1	0.098	0.109	0.11	0.108	0.107	0.101	0.106	0.106	0.107	0.1	0.099	0.098	0.103	0.123	0.117	0.122	0.118	0.094	0.096	0.1	0.103	0.098	0.096	0.263	0.102
4:20:00	0.092	0.091	0.091	0.091	0.088	0.086	0.088	0.087	0.101	0.102	0.104	0.102	0.102	0.102	0.103	0.101	0.105	0.099	0.113	0.1	0.102	0.102	0.102	0.107	0.102	0.105	0.109	0.109	0.097	0.101	0.106	0.095	0.102	0.098	0.1	0.095	0.108	0.109	0.111	0.112	0.102	0.104	0.111	0.118	0.098	0.098	0.095	0.093	0.109	0.112	0.11	0.107	0.107	0.107	0.112	0.104	0.126	0.104	0.103	0.114	0.101	0.102	0.109	0.104	0.098	0.101	0.1	0.098	0.109	0.11	0.108	0.106	0.102	0.107	0.107	0.108	0.101	0.099	0.098	0.104	0.122	0.116	0.122	0.118	0.093	0.097	0.101	0.104	0.097	0.097	0.261	0.102
4:40:00	0.092	0.091	0.091	0.091	0.088	0.086	0.088	0.087	0.102	0.103	0.106	0.103	0.103	0.103	0.105	0.102	0.107	0.1	0.116	0.101	0.103	0.103	0.103	0.109	0.103	0.107	0.111	0.112	0.099	0.102	0.108	0.096	0.103	0.099	0.101	0.096	0.11	0.111	0.113	0.114	0.105	0.105	0.113	0.121	0.098	0.099	0.096	0.093	0.111	0.114	0.112	0.108	0.109	0.108	0.114	0.105	0.127	0.104	0.104	0.114	0.102	0.103	0.111	0.105	0.099	0.103	0.102	0.099	0.108	0.11	0.107	0.106	0.104	0.108	0.108	0.109	0.102	0.099	0.099	0.1	0.122	0.116	0.122	0.118	0.094	0.097	0.1	0.105	0.099	0.097	0.261	0.103
5:00:00	0.092	0.091	0.091	0.091	0.088	0.086	0.088	0.087	0.104	0.105	0.107	0.105	0.105	0.105	0.106	0.104	0.11	0.101	0.119	0.102	0.104	0.104	0.104	0.111	0.105	0.109	0.114	0.114	0.1	0.104	0.111	0.096	0.104	0.099	0.102	0.097	0.112	0.114	0.116	0.117	0.106	0.107	0.116	0.124	0.098	0.099	0.096	0.093	0.113	0.117	0.114	0.111	0.11	0.111	0.116	0.107	0.126	0.105	0.104	0.114	0.104	0.104	0.113	0.107	0.1	0.103	0.102	0.1	0.108	0.11	0.107	0.106	0.105	0.11	0.11	0.111	0.102	0.1	0.099	0.105	0.122	0.116	0.123	0.118	0.094	0.098	0.101	0.105	0.098	0.096	0.26	0.102
5:20:00	0.092	0.091	0.091	0.091	0.088	0.086	0.088	0.087	0.105	0.107	0.109	0.107	0.106	0.107	0.109	0.106	0.112	0.102	0.123	0.104	0.106	0.105	0.106	0.113	0.106	0.112	0.116	0.118	0.101	0.106	0.113	0.097	0.106	0.1	0.104	0.097	0.114	0.116	0.118	0.12	0.108	0.11	0.119	0.128	0.099	0.1	0.096	0.093	0.116	0.12	0.117	0.112	0.113	0.113	0.119	0.108	0.127	0.105	0.104	0.115	0.105	0.106	0.114	0.107	0.1	0.105	0.104	0.101	0.108	0.11	0.107	0.106	0.106	0.111	0.112	0.114	0.102	0.1	0.1	0.102	0.122	0.116	0.123	0.118	0.095	0.098	0.102	0.106	0.098	0.098	0.265	0.102
5:40:00	0.092	0.091	0.091	0.091	0.088	0.086	0.088	0.087	0.107	0.109	0.112	0.109	0.108	0.109	0.112	0.108	0.116	0.103	0.128	0.105	0.108	0.107	0.108	0.116	0.108	0.114	0.12	0.121	0.102	0.107	0.116	0.098	0.108	0.101	0.105	0.098	0.117	0.119	0.121	0.123	0.11	0.112	0.122	0.131	0.099	0.1	0.096	0.093	0.119	0.122	0.119	0.115	0.115	0.115	0.122	0.11	0.127	0.105	0.104	0.115	0.106	0.107	0.116	0.109	0.102	0.106	0.105	0.102	0.108	0.11	0.107	0.105	0.107	0.113	0.114	0.115	0.104	0.101	0.102	0.105	0.122	0.116	0.123	0.118	0.095	0.099	0.103	0.107	0.099	0.098	0.263	0.102
6:00:00	0.092	0.091	0.091	0.091	0.088	0.086	0.088	0.087	0.109	0.111	0.115	0.111	0.111	0.112	0.114	0.11	0.119	0.105	0.133	0.107	0.11	0.109	0.11	0.119	0.111	0.117	0.123	0.125	0.104	0.11	0.119	0.098	0.11	0.102	0.107	0.099	0.119	0.122	0.125	0.127	0.112	0.114	0.126	0.135	0.1	0.1	0.097	0.093	0.121	0.126	0.122	0.117	0.117	0.117	0.125	0.112	0.127	0.105	0.103	0.116	0.108	0.109	0.118	0.111	0.103	0.108	0.106	0.103	0.108	0.109	0.108	0.105	0.109	0.115	0.115	0.117	0.107	0.102	0.103	0.106	0.121	0.116	0.121	0.118	0.095	0.099	0.104	0.108	0.099	0.099	0.259	0.103
6:20:00	0.092	0.091	0.091	0.091	0.088	0.086	0.088	0.087	0.112	0.114	0.118	0.114	0.113	0.115	0.118	0.113	0.123	0.107	0.138	0.109	0.112	0.111	0.112	0.123	0.113	0.12	0.127	0.13	0.106	0.112	0.122	0.099	0.112	0.104	0.109	0.1	0.122	0.126	0.129	0.132	0.115	0.117	0.129	0.139	0.1	0.101	0.097	0.093	0.126	0.129	0.126	0.12	0.12	0.12	0.128	0.114	0.126	0.105	0.104	0.116	0.11	0.111	0.121	0.113	0.104	0.11	0.108	0.103	0.108	0.108	0.107	0.105	0.111	0.117	0.118	0.12	0.106	0.103	0.104	0.107	0.121	0.116	0.122	0.118	0.096	0.1	0.105	0.11	0.099	0.098	0.264	0.103
6:40:00	0.092	0.091	0.091	0.091	0.088	0.086	0.088	0.087	0.115	0.117	0.121	0.118	0.117	0.118	0.122	0.117	0.128	0.11	0.145	0.112	0.115	0.113	0.115	0.127	0.116	0.124	0.131	0.135	0.107	0.115	0.126	0.1	0.114	0.105	0.111	0.101	0.126	0.13	0.132	0.135	0.117	0.12	0.133	0.143	0.101	0.101	0.097	0.093	0.128	0.132	0.129	0.124	0.122	0.123	0.131	0.117	0.129	0.105	0.104	0.116	0.112	0.112	0.123	0.115	0.105	0.112	0.11	0.105	0.108	0.108	0.107	0.105	0.113	0.119	0.12	0.122	0.107	0.104	0.104	0.108	0.121	0.115	0.121	0.118	0.096	0.101	0.105	0.11	0.1	0.097	0.258	0.104
7:00:00	0.092	0.091	0.091	0.091	0.088	0.086	0.088	0.087	0.118	0.12	0.125	0.121	0.12	0.122	0.126	0.12	0.133	0.113	0.153	0.114	0.117	0.116	0.118	0.131	0.119	0.128	0.137	0.14	0.11	0.118	0.13	0.101	0.117	0.107	0.114	0.102	0.13	0.134	0.136	0.141	0.12	0.123	0.137	0.148	0.101	0.101	0.097	0.093	0.132	0.137	0.132	0.126	0.126	0.126	0.135	0.119	0.129	0.105	0.104	0.117	0.114	0.114	0.126	0.117	0.107	0.113	0.111	0.106	0.108	0.108	0.107	0.105	0.115	0.122	0.122	0.124	0.109	0.105	0.106	0.108	0.121	0.115	0.121	0.117	0.096	0.101	0.106	0.112	0.1	0.098	0.262	0.104
7:20:00	0.092	0.091	0.091	0.091	0.088	0.086	0.088	0.087	0.122	0.125	0.13	0.126	0.124	0.126	0.131	0.125	0.139	0.116	0.161	0.118	0.12	0.118	0.121	0.135	0.122	0.132	0.142	0.146	0.113	0.122	0.135	0.102	0.12	0.11	0.117	0.103	0.134	0.138	0.141	0.146	0.123	0.127	0.142	0.153	0.102	0.102	0.098	0.093	0.137	0.141	0.136	0.131	0.129	0.129	0.139	0.122	0.129	0.105	0.104	0.117	0.116	0.117	0.128	0.119	0.108	0.115	0.114	0.107	0.108	0.108	0.107	0.105	0.117	0.123	0.125	0.127	0.11	0.106	0.108	0.105	0.121	0.115	0.12	0.118	0.097	0.102	0.107	0.113	0.099	0.099	0.263	0.105
7:40:00	0.092	0.091	0.091	0.091	0.088	0.086	0.088	0.087	0.126	0.129	0.135	0.131	0.129	0.131	0.137	0.13	0.146	0.12	0.17	0.121	0.123	0.121	0.125	0.14	0.126	0.136	0.147	0.151	0.115	0.125	0.139	0.103	0.123	0.112	0.12	0.105	0.138	0.143	0.145	0.15	0.126	0.13	0.146	0.158	0.102	0.102	0.098	0.093	0.141	0.146	0.14	0.133	0.132	0.133	0.143	0.124	0.127	0.106	0.104	0.117	0.118	0.119	0.13	0.121	0.11	0.117	0.116	0.109	0.107	0.108	0.107	0.105	0.119	0.126	0.127	0.13	0.112	0.109	0.109	0.105	0.121	0.115	0.12	0.117	0.097	0.103	0.108	0.114	0.101	0.1	0.252	0.105
8:00:00	0.092	0.091	0.091	0.091	0.088	0.086	0.088	0.087	0.131	0.134	0.141	0.136	0.133	0.137	0.143	0.135	0.153	0.124	0.18	0.125	0.126	0.124	0.129	0.145	0.129	0.141	0.153	0.158	0.118	0.129	0.144	0.104	0.126	0.115	0.123	0.106	0.143	0.148	0.15	0.156	0.131	0.134	0.151	0.162	0.102	0.103	0.098	0.093	0.144	0.149	0.144	0.138	0.135	0.136	0.146	0.127	0.128	0.105	0.104	0.118	0.121	0.121	0.134	0.124	0.112	0.119	0.117	0.11	0.107	0.108	0.107	0.105	0.121	0.128	0.13	0.132	0.114	0.11	0.111	0.106	0.121	0.115	0.121	0.117	0.098	0.103	0.109	0.115	0.101	0.099	0.256	0.106
8:20:00	0.092	0.091	0.091	0.091	0.088	0.086	0.088	0.087	0.136	0.14	0.147	0.142	0.139	0.143	0.149	0.141	0.161	0.129	0.191	0.129	0.13	0.128	0.133	0.151	0.133	0.146	0.159	0.164	0.121	0.133	0.149	0.106	0.13	0.117	0.127	0.108	0.147	0.154	0.154	0.161	0.134	0.138	0.156	0.166	0.102	0.103	0.098	0.094	0.15	0.155	0.147	0.141	0.138	0.139	0.149	0.13	0.126	0.105	0.104	0.118	0.123	0.123	0.137	0.126	0.114	0.122	0.12	0.111	0.107	0.108	0.107	0.105	0.124	0.131	0.132	0.135	0.116	0.111	0.112	0.108	0.12	0.114	0.12	0.117	0.098	0.104	0.109	0.116	0.102	0.101	0.26	0.106
8:40:00	0.092	0.091	0.091	0.091	0.088	0.086	0.088	0.087	0.143	0.147	0.155	0.15	0.146	0.15	0.157	0.147	0.17	0.134	0.202	0.134	0.134	0.131	0.137	0.157	0.138	0.151	0.164	0.172	0.125	0.137	0.154	0.108	0.134	0.121	0.131	0.11	0.152	0.159	0.159	0.167	0.138	0.141	0.161	0.171	0.103	0.103	0.098	0.094	0.155	0.162	0.151	0.146	0.141	0.142	0.153	0.132	0.126	0.106	0.104	0.118	0.125	0.125	0.139	0.129	0.115	0.124	0.123	0.113	0.107	0.108	0.106	0.104	0.127	0.133	0.135	0.138	0.118	0.114	0.114	0.11	0.121	0.115	0.12	0.117	0.099	0.105	0.111	0.117	0.103	0.1	0.256	0.107
9:00:00	0.092	0.091	0.091	0.091	0.088	0.086	0.088	0.087	0.149	0.154	0.163	0.158	0.152	0.157	0.165	0.155	0.18	0.14	0.211	0.139	0.138	0.135	0.141	0.163	0.143	0.157	0.171	0.179	0.128	0.142	0.16	0.11	0.138	0.124	0.135	0.111	0.157	0.165	0.164	0.172	0.141	0.146	0.166	0.174	0.103	0.104	0.098	0.093	0.16	0.166	0.157	0.151	0.145	0.144	0.157	0.135	0.127	0.106	0.104	0.119	0.127	0.128	0.143	0.131	0.118	0.127	0.126	0.115	0.107	0.108	0.107	0.104	0.129	0.136	0.137	0.14	0.121	0.116	0.117	0.111	0.12	0.114	0.121	0.117	0.099	0.105	0.112	0.117	0.103	0.1	0.257	0.108
9:20:00	0.092	0.091	0.091	0.091	0.088	0.086	0.088	0.087	0.158	0.161	0.171	0.166	0.16	0.166	0.174	0.162	0.19	0.147	0.22	0.144	0.142	0.139	0.146	0.169	0.147	0.163	0.177	0.187	0.131	0.146	0.165	0.112	0.143	0.128	0.14	0.113	0.164	0.171	0.17	0.177	0.146	0.149	0.171	0.179	0.103	0.104	0.099	0.093	0.165	0.169	0.162	0.156	0.148	0.148	0.159	0.138	0.126	0.106	0.104	0.119	0.131	0.13	0.146	0.133	0.119	0.128	0.128	0.116	0.107	0.108	0.107	0.104	0.131	0.138	0.14	0.144	0.123	0.118	0.118	0.114	0.12	0.114	0.121	0.118	0.1	0.106	0.112	0.118	0.105	0.102	0.261	0.108
9:40:00	0.092	0.091	0.091	0.091	0.088	0.086	0.088	0.087	0.168	0.172	0.182	0.177	0.17	0.179	0.184	0.173	0.205	0.157	0.235	0.157	0.149	0.145	0.154	0.176	0.155	0.169	0.183	0.197	0.137	0.155	0.173	0.115	0.149	0.133	0.144	0.117	0.171	0.178	0.177	0.184	0.153	0.157	0.181	0.187	0.103	0.103	0.099	0.094	0.169	0.178	0.166	0.162	0.155	0.155	0.166	0.144	0.129	0.106	0.104	0.118	0.133	0.132	0.15	0.136	0.123	0.133	0.134	0.117	0.107	0.108	0.107	0.104	0.132	0.14	0.14	0.147	0.126	0.12	0.12	0.113	0.12	0.114	0.123	0.118	0.099	0.106	0.114	0.118	0.105	0.101	0.261	0.109
10:00:00	0.092	0.091	0.091	0.091	0.088	0.086	0.088	0.087	0.177	0.181	0.191	0.187	0.178	0.186	0.193	0.183	0.213	0.167	0.237	0.162	0.153	0.149	0.159	0.184	0.16	0.176	0.191	0.203	0.141	0.16	0.179	0.117	0.153	0.138	0.148	0.119	0.177	0.183	0.182	0.191	0.159	0.162	0.186	0.191	0.104	0.104	0.099	0.094	0.176	0.182	0.171	0.165	0.158	0.158	0.17	0.147	0.128	0.106	0.104	0.119	0.136	0.135	0.153	0.139	0.124	0.136	0.136	0.119	0.107	0.108	0.107	0.104	0.135	0.143	0.144	0.15	0.128	0.123	0.123	0.117	0.12	0.114	0.123	0.118	0.1	0.106	0.114	0.119	0.105	0.102	0.259	0.111
10:20:01	0.092	0.091	0.091	0.091	0.088	0.086	0.088	0.087	0.188	0.184	0.198	0.194	0.189	0.196	0.201	0.19	0.217	0.176	0.242	0.167	0.159	0.155	0.163	0.191	0.167	0.183	0.197	0.211	0.146	0.166	0.185	0.12	0.158	0.143	0.155	0.122	0.183	0.191	0.187	0.198	0.163	0.168	0.191	0.195	0.104	0.104	0.1	0.094	0.181	0.187	0.177	0.171	0.162	0.163	0.174	0.151	0.128	0.106	0.104	0.118	0.139	0.137	0.157	0.143	0.127	0.137	0.139	0.12	0.107	0.108	0.107	0.104	0.138	0.146	0.147	0.154	0.13	0.124	0.125	0.116	0.12	0.114	0.124	0.118	0.1	0.107	0.114	0.12	0.107	0.103	0.264	0.113
10:40:01	0.092	0.091	0.091	0.091	0.088	0.086	0.088	0.087	0.199	0.194	0.205	0.203	0.195	0.203	0.21	0.198	0.231	0.185	0.245	0.173	0.164	0.16	0.169	0.196	0.172	0.189	0.206	0.22	0.15	0.172	0.19	0.122	0.164	0.148	0.159	0.123	0.189	0.195	0.194	0.204	0.167	0.172	0.196	0.2	0.104	0.104	0.1	0.094	0.187	0.195	0.18	0.178	0.165	0.167	0.178	0.154	0.129	0.106	0.104	0.119	0.142	0.14	0.16	0.146	0.129	0.14	0.143	0.122	0.107	0.108	0.107	0.104	0.141	0.148	0.151	0.156	0.134	0.128	0.128	0.12	0.12	0.114	0.125	0.118	0.101	0.108	0.115	0.121	0.108	0.104	0.257	0.113
11:00:01	0.092	0.091	0.091	0.091	0.088	0.086	0.088	0.087	0.204	0.202	0.212	0.211	0.203	0.209	0.216	0.205	0.24	0.195	0.248	0.176	0.171	0.166	0.174	0.204	0.178	0.198	0.214	0.226	0.156	0.178	0.195	0.126	0.167	0.154	0.164	0.126	0.195	0.201	0.2	0.211	0.172	0.177	0.201	0.205	0.103	0.105	0.1	0.094	0.195	0.2	0.185	0.183	0.169	0.171	0.182	0.157	0.128	0.105	0.104	0.119	0.144	0.142	0.164	0.148	0.132	0.143	0.145	0.125	0.108	0.108	0.107	0.104	0.143	0.152	0.153	0.16	0.138	0.128	0.131	0.122	0.12	0.114	0.124	0.118	0.102	0.109	0.116	0.122	0.109	0.106	0.258	0.114
11:20:01	0.092	0.091	0.091	0.091	0.088	0.086	0.088	0.087	0.217	0.208	0.227	0.218	0.211	0.224	0.224	0.215	0.246	0.205	0.261	0.184	0.176	0.173	0.18	0.211	0.182	0.207	0.224	0.235	0.163	0.184	0.202	0.13	0.172	0.16	0.17	0.129	0.203	0.207	0.207	0.219	0.178	0.182	0.206	0.209	0.103	0.105	0.1	0.094	0.199	0.207	0.192	0.187	0.171	0.176	0.187	0.162	0.129	0.105	0.103	0.119	0.148	0.146	0.169	0.151	0.134	0.146	0.149	0.127	0.108	0.108	0.107	0.104	0.147	0.155	0.156	0.163	0.139	0.13	0.133	0.122	0.12	0.114	0.124	0.117	0.102	0.109	0.117	0.123	0.111	0.107	0.261	0.115
11:40:01	0.092	0.091	0.091	0.091	0.088	0.086	0.088	0.087	0.23	0.219	0.24	0.229	0.222	0.24	0.238	0.225	0.257	0.215	0.275	0.193	0.183	0.179	0.186	0.217	0.19	0.216	0.232	0.245	0.169	0.191	0.208	0.134	0.176	0.165	0.175	0.132	0.212	0.215	0.215	0.228	0.184	0.187	0.211	0.214	0.104	0.105	0.1	0.094	0.206	0.211	0.202	0.194	0.175	0.179	0.192	0.165	0.13	0.105	0.104	0.119	0.152	0.148	0.172	0.156	0.137	0.148	0.153	0.13	0.108	0.109	0.107	0.104	0.149	0.158	0.159	0.167	0.143	0.134	0.136	0.126	0.119	0.114	0.123	0.117	0.102	0.11	0.118	0.125	0.111	0.109	0.261	0.118
12:00:01	0.092	0.091	0.091	0.091	0.088	0.086	0.088	0.087	0.242	0.23	0.254	0.246	0.236	0.251	0.251	0.241	0.274	0.227	0.288	0.204	0.19	0.186	0.195	0.223	0.197	0.224	0.242	0.254	0.177	0.198	0.213	0.139	0.182	0.17	0.18	0.136	0.22	0.224	0.224	0.236	0.19	0.193	0.218	0.219	0.104	0.105	0.101	0.094	0.215	0.218	0.209	0.201	0.18	0.183	0.197	0.17	0.13	0.105	0.104	0.12	0.155	0.152	0.177	0.159	0.141	0.152	0.156	0.133	0.108	0.109	0.107	0.104	0.152	0.161	0.164	0.171	0.148	0.136	0.139	0.128	0.12	0.114	0.124	0.117	0.103	0.109	0.118	0.125	0.113	0.109	0.261	0.119
12:20:01	0.092	0.091	0.091	0.091	0.088	0.086	0.088	0.087	0.257	0.247	0.276	0.262	0.251	0.263	0.267	0.257	0.281	0.239	0.306	0.217	0.197	0.196	0.203	0.232	0.205	0.237	0.254	0.265	0.186	0.206	0.22	0.145	0.186	0.176	0.186	0.14	0.228	0.233	0.234	0.247	0.197	0.2	0.225	0.227	0.104	0.105	0.101	0.094	0.222	0.227	0.217	0.209	0.184	0.19	0.2	0.175	0.129	0.105	0.104	0.12	0.16	0.155	0.182	0.163	0.145	0.156	0.161	0.135	0.108	0.109	0.108	0.104	0.156	0.164	0.167	0.175	0.152	0.138	0.142	0.129	0.12	0.114	0.124	0.117	0.103	0.11	0.119	0.127	0.113	0.11	0.262	0.122
12:40:01	0.092	0.091	0.091	0.091	0.088	0.086	0.088	0.087	0.274	0.262	0.289	0.281	0.269	0.287	0.291	0.276	0.302	0.25	0.325	0.235	0.206	0.206	0.209	0.242	0.213	0.249	0.268	0.28	0.196	0.214	0.225	0.152	0.191	0.183	0.193	0.144	0.235	0.248	0.244	0.26	0.205	0.207	0.233	0.234	0.104	0.106	0.101	0.094	0.232	0.236	0.226	0.216	0.189	0.196	0.206	0.18	0.13	0.105	0.103	0.12	0.164	0.159	0.186	0.167	0.148	0.159	0.164	0.138	0.108	0.109	0.107	0.104	0.158	0.168	0.172	0.18	0.155	0.142	0.145	0.131	0.119	0.114	0.124	0.117	0.103	0.111	0.119	0.128	0.115	0.112	0.263	0.123
13:00:01	0.092	0.091	0.091	0.091	0.088	0.086	0.088	0.087	0.3	0.287	0.314	0.307	0.287	0.298	0.313	0.303	0.327	0.266	0.344	0.257	0.213	0.216	0.219	0.257	0.223	0.263	0.283	0.293	0.208	0.223	0.233	0.159	0.197	0.188	0.199	0.149	0.249	0.261	0.259	0.274	0.214	0.214	0.239	0.242	0.104	0.106	0.102	0.094	0.242	0.248	0.236	0.227	0.195	0.201	0.212	0.185	0.127	0.104	0.104	0.12	0.169	0.165	0.192	0.172	0.153	0.163	0.168	0.141	0.108	0.109	0.107	0.103	0.162	0.171	0.175	0.184	0.16	0.146	0.149	0.134	0.119	0.114	0.124	0.117	0.104	0.112	0.121	0.129	0.117	0.114	0.263	0.124
13:20:01	0.092	0.091	0.091	0.091	0.088	0.086	0.088	0.087	0.324	0.318	0.343	0.339	0.313	0.323	0.336	0.334	0.356	0.287	0.367	0.283	0.223	0.23	0.227	0.272	0.235	0.279	0.301	0.311	0.22	0.235	0.241	0.169	0.204	0.194	0.209	0.157	0.262	0.278	0.274	0.292	0.224	0.224	0.249	0.252	0.104	0.106	0.102	0.094	0.256	0.258	0.238	0.239	0.203	0.21	0.219	0.191	0.129	0.104	0.104	0.121	0.173	0.17	0.198	0.175	0.157	0.169	0.173	0.145	0.108	0.109	0.107	0.104	0.166	0.175	0.178	0.187	0.163	0.148	0.151	0.137	0.119	0.114	0.124	0.117	0.106	0.112	0.121	0.131	0.119	0.117	0.263	0.128
13:40:01	0.092	0.091	0.091	0.091	0.088	0.086	0.088	0.087	0.351	0.342	0.372	0.362	0.342	0.357	0.364	0.364	0.387	0.31	0.396	0.313	0.238	0.243	0.24	0.289	0.247	0.299	0.324	0.333	0.234	0.248	0.252	0.18	0.213	0.199	0.218	0.165	0.278	0.294	0.293	0.312	0.236	0.237	0.263	0.261	0.104	0.106	0.102	0.094	0.272	0.271	0.252	0.252	0.209	0.216	0.23	0.199	0.129	0.105	0.104	0.121	0.178	0.175	0.204	0.181	0.161	0.172	0.175	0.148	0.108	0.109	0.106	0.104	0.17	0.179	0.185	0.192	0.169	0.151	0.157	0.142	0.119	0.114	0.124	0.117	0.106	0.114	0.123	0.13	0.121	0.117	0.264	0.129
14:00:01	0.092	0.091	0.091	0.091	0.088	0.086	0.088	0.087	0.379	0.375	0.412	0.399	0.376	0.397	0.403	0.4	0.409	0.345	0.429	0.347	0.254	0.261	0.254	0.31	0.263	0.323	0.347	0.354	0.249	0.263	0.269	0.191	0.224	0.209	0.23	0.175	0.3	0.312	0.315	0.337	0.248	0.249	0.278	0.276	0.104	0.106	0.102	0.094	0.291	0.287	0.269	0.267	0.219	0.226	0.237	0.208	0.128	0.105	0.104	0.121	0.185	0.181	0.208	0.186	0.167	0.178	0.18	0.152	0.108	0.11	0.107	0.103	0.174	0.183	0.19	0.198	0.17	0.155	0.161	0.144	0.119	0.113	0.124	0.117	0.106	0.116	0.123	0.133	0.123	0.119	0.263	0.131
14:20:01	0.092	0.091	0.091	0.091	0.088	0.086	0.088	0.087	0.415	0.417	0.442	0.414	0.41	0.434	0.442	0.437	0.453	0.377	0.46	0.388	0.269	0.28	0.274	0.331	0.28	0.346	0.371	0.382	0.269	0.283	0.283	0.212	0.235	0.217	0.239	0.186	0.319	0.338	0.341	0.36	0.264	0.262	0.292	0.288	0.104	0.106	0.103	0.094	0.306	0.301	0.287	0.281	0.228	0.234	0.249	0.216	0.13	0.105	0.104	0.121	0.19	0.187	0.217	0.193	0.173	0.183	0.187	0.156	0.108	0.11	0.107	0.103	0.177	0.187	0.192	0.203	0.173	0.16	0.164	0.149	0.119	0.113	0.124	0.117	0.107	0.116	0.125	0.132	0.124	0.121	0.266	0.133
14:40:01	0.092	0.091	0.091	0.091	0.088	0.086	0.088	0.087	0.453	0.465	0.478	0.455	0.455	0.471	0.485	0.483	0.48	0.423	0.493	0.425	0.291	0.302	0.293	0.358	0.302	0.379	0.401	0.412	0.292	0.305	0.303	0.229	0.249	0.228	0.258	0.198	0.344	0.357	0.368	0.388	0.28	0.28	0.31	0.306	0.104	0.106	0.103	0.094	0.329	0.322	0.308	0.3	0.239	0.248	0.261	0.229	0.126	0.105	0.104	0.121	0.198	0.193	0.225	0.2	0.178	0.188	0.193	0.162	0.108	0.11	0.106	0.103	0.184	0.193	0.198	0.207	0.179	0.164	0.171	0.151	0.12	0.113	0.124	0.118	0.109	0.117	0.126	0.134	0.127	0.124	0.268	0.134
15:00:01	0.092	0.091	0.091	0.091	0.088	0.086	0.088	0.087	0.497	0.506	0.529	0.505	0.503	0.522	0.532	0.526	0.518	0.47	0.53	0.469	0.316	0.329	0.314	0.393	0.325	0.414	0.433	0.452	0.316	0.331	0.325	0.251	0.265	0.24	0.277	0.212	0.371	0.387	0.399	0.416	0.294	0.303	0.331	0.326	0.104	0.106	0.104	0.094	0.351	0.343	0.331	0.322	0.254	0.262	0.272	0.241	0.127	0.105	0.104	0.121	0.203	0.199	0.232	0.207	0.185	0.197	0.202	0.167	0.107	0.109	0.106	0.103	0.188	0.199	0.203	0.215	0.185	0.169	0.176	0.155	0.12	0.114	0.125	0.118	0.109	0.117	0.127	0.136	0.129	0.126	0.267	0.136
15:20:01	0.092	0.091	0.091	0.091	0.088	0.086	0.088	0.087	0.548	0.557	0.576	0.549	0.551	0.577	0.58	0.579	0.554	0.523	0.569	0.509	0.341	0.36	0.343	0.42	0.355	0.451	0.474	0.49	0.347	0.357	0.351	0.278	0.284	0.257	0.299	0.228	0.4	0.416	0.434	0.448	0.321	0.324	0.355	0.347	0.105	0.107	0.104	0.094	0.377	0.371	0.357	0.348	0.267	0.276	0.291	0.256	0.126	0.105	0.104	0.121	0.212	0.209	0.247	0.214	0.193	0.205	0.21	0.174	0.107	0.109	0.107	0.103	0.194	0.204	0.21	0.221	0.19	0.173	0.181	0.158	0.121	0.115	0.124	0.118	0.11	0.119	0.128	0.136	0.132	0.127	0.267	0.139
15:40:01	0.092	0.091	0.091	0.091	0.088	0.086	0.088	0.087	0.602	0.622	0.618	0.616	0.61	0.621	0.631	0.635	0.601	0.58	0.612	0.56	0.373	0.397	0.367	0.454	0.388	0.493	0.519	0.534	0.38	0.388	0.379	0.307	0.305	0.27	0.323	0.249	0.436	0.448	0.475	0.484	0.344	0.346	0.381	0.372	0.105	0.107	0.104	0.094	0.402	0.4	0.392	0.381	0.284	0.292	0.307	0.271	0.126	0.105	0.104	0.121	0.219	0.216	0.255	0.223	0.202	0.212	0.218	0.179	0.107	0.11	0.107	0.103	0.199	0.208	0.216	0.229	0.198	0.176	0.185	0.163	0.122	0.116	0.124	0.118	0.112	0.12	0.13	0.139	0.136	0.131	0.267	0.141
16:00:01	0.092	0.091	0.091	0.091	0.088	0.086	0.088	0.087	0.662	0.676	0.673	0.671	0.664	0.684	0.696	0.696	0.656	0.634	0.654	0.619	0.412	0.431	0.403	0.496	0.422	0.542	0.566	0.578	0.418	0.42	0.406	0.343	0.331	0.293	0.345	0.27	0.474	0.485	0.513	0.521	0.372	0.375	0.415	0.398	0.105	0.107	0.104	0.094	0.433	0.431	0.422	0.407	0.301	0.311	0.325	0.29	0.125	0.105	0.103	0.122	0.227	0.226	0.267	0.235	0.21	0.221	0.228	0.188	0.108	0.11	0.106	0.103	0.204	0.217	0.222	0.237	0.2	0.182	0.189	0.166	0.122	0.117	0.124	0.118	0.113	0.121	0.132	0.14	0.138	0.134	0.268	0.14
16:20:01	0.092	0.091	0.091	0.091	0.088	0.086	0.088	0.087	0.724	0.738	0.733	0.736	0.726	0.739	0.758	0.75	0.705	0.701	0.703	0.682	0.449	0.474	0.439	0.542	0.459	0.592	0.613	0.629	0.457	0.466	0.442	0.381	0.359	0.315	0.372	0.296	0.517	0.523	0.565	0.567	0.406	0.412	0.446	0.428	0.105	0.107	0.105	0.094	0.467	0.462	0.458	0.442	0.321	0.338	0.35	0.309	0.126	0.105	0.104	0.121	0.241	0.238	0.285	0.248	0.221	0.234	0.241	0.195	0.107	0.109	0.107	0.103	0.211	0.223	0.233	0.251	0.208	0.19	0.196	0.171	0.123	0.117	0.124	0.118	0.114	0.122	0.134	0.141	0.139	0.136	0.27	0.143
16:40:01	0.092	0.091	0.091	0.091	0.088	0.086	0.088	0.087	0.792	0.802	0.787	0.788	0.8	0.806	0.817	0.812	0.76	0.761	0.754	0.745	0.496	0.52	0.477	0.59	0.504	0.645	0.663	0.681	0.506	0.504	0.475	0.427	0.39	0.342	0.405	0.324	0.561	0.568	0.61	0.611	0.436	0.446	0.491	0.462	0.105	0.107	0.105	0.094	0.508	0.495	0.497	0.472	0.342	0.359	0.381	0.334	0.125	0.105	0.104	0.122	0.253	0.251	0.3	0.26	0.229	0.245	0.251	0.206	0.107	0.11	0.106	0.103	0.221	0.232	0.24	0.259	0.214	0.193	0.203	0.177	0.123	0.117	0.125	0.119	0.116	0.125	0.136	0.144	0.142	0.139	0.27	0.147
17:00:01	0.092	0.091	0.091	0.091	0.088	0.086	0.088	0.087	0.857	0.862	0.84	0.844	0.863	0.871	0.88	0.878	0.817	0.829	0.805	0.813	0.541	0.568	0.517	0.635	0.548	0.704	0.718	0.734	0.556	0.554	0.517	0.481	0.427	0.369	0.441	0.356	0.608	0.615	0.664	0.658	0.467	0.483	0.533	0.497	0.105	0.107	0.106	0.095	0.547	0.529	0.537	0.516	0.369	0.388	0.409	0.358	0.125	0.105	0.103	0.12	0.268	0.263	0.319	0.274	0.244	0.257	0.265	0.217	0.107	0.11	0.106	0.103	0.231	0.241	0.25	0.274	0.223	0.2	0.21	0.182	0.123	0.117	0.125	0.119	0.117	0.125	0.138	0.147	0.146	0.14	0.273	0.15
17:20:01	0.092	0.091	0.091	0.091	0.088	0.086	0.088	0.087	0.924	0.928	0.904	0.91	0.926	0.936	0.946	0.94	0.87	0.897	0.86	0.883	0.589	0.619	0.566	0.681	0.6	0.763	0.779	0.793	0.606	0.603	0.561	0.535	0.468	0.402	0.484	0.389	0.655	0.663	0.722	0.71	0.512	0.519	0.689	0.542	0.105	0.108	0.106	0.095	0.589	0.571	0.576	0.557	0.401	0.417	0.445	0.391	0.126	0.105	0.103	0.121	0.281	0.277	0.338	0.292	0.257	0.273	0.278	0.229	0.108	0.11	0.106	0.103	0.241	0.252	0.261	0.285	0.232	0.207	0.216	0.188	0.123	0.117	0.124	0.119	0.117	0.127	0.14	0.149	0.15	0.144	0.273	0.152
17:40:01	0.092	0.091	0.091	0.091	0.088	0.086	0.088	0.087	0.992	0.994	0.962	0.97	0.988	1.005	1.013	1.006	0.927	0.961	0.92	0.95	0.643	0.674	0.617	0.74	0.657	0.825	0.837	0.853	0.664	0.654	0.611	0.595	0.512	0.425	0.513	0.429	0.712	0.714	0.781	0.76	0.559	0.566	0.814	0.58	0.105	0.108	0.104	0.095	0.633	0.619	0.624	0.59	0.431	0.451	0.471	0.422	0.126	0.105	0.103	0.121	0.298	0.296	0.361	0.308	0.273	0.287	0.297	0.243	0.107	0.11	0.106	0.103	0.252	0.264	0.272	0.299	0.241	0.216	0.225	0.196	0.123	0.117	0.125	0.119	0.12	0.129	0.141	0.151	0.152	0.149	0.277	0.155
18:00:01	0.092	0.091	0.091	0.091	0.088	0.086	0.088	0.087	1.058	1.053	1.021	1.034	1.051	1.067	1.073	1.067	0.986	1.029	0.972	1.017	0.699	0.73	0.665	0.799	0.714	0.886	0.896	0.91	0.72	0.711	0.66	0.655	0.557	0.462	0.554	0.469	0.765	0.769	0.845	0.817	0.604	0.613	0.907	0.628	0.106	0.107	0.104	0.094	0.679	0.665	0.664	0.639	0.471	0.493	0.517	0.456	0.124	0.105	0.103	0.121	0.319	0.319	0.383	0.327	0.29	0.307	0.311	0.258	0.107	0.11	0.106	0.104	0.264	0.275	0.287	0.318	0.249	0.223	0.236	0.2	0.124	0.117	0.125	0.119	0.122	0.131	0.145	0.154	0.156	0.152	0.277	0.16
18:20:01	0.092	0.091	0.091	0.091	0.088	0.086	0.088	0.087	1.121	1.113	1.079	1.09	1.111	1.124	1.13	1.123	1.043	1.09	1.026	1.08	0.76	0.784	0.719	0.92	0.767	0.945	0.954	0.968	0.782	0.768	0.726	0.721	0.608	0.505	0.596	0.516	0.825	0.823	0.905	0.87	0.652	0.663	0.991	0.677	0.105	0.108	0.105	0.095	0.729	0.711	0.714	0.685	0.658	0.562	0.697	0.496	0.124	0.105	0.103	0.12	0.337	0.341	0.409	0.349	0.309	0.325	0.332	0.273	0.107	0.11	0.106	0.104	0.277	0.292	0.302	0.336	0.26	0.235	0.246	0.21	0.123	0.118	0.125	0.119	0.123	0.133	0.145	0.157	0.161	0.155	0.279	0.162
18:40:01	0.092	0.091	0.091	0.091	0.088	0.086	0.088	0.087	1.195	1.178	1.135	1.153	1.181	1.194	1.198	1.193	1.097	1.155	1.081	1.156	0.817	0.839	0.774	1.014	0.827	1.008	1.012	1.028	0.845	0.827	0.883	0.791	0.661	0.547	0.64	0.563	0.881	0.879	0.97	0.927	0.855	0.837	1.064	0.729	0.106	0.108	0.105	0.095	0.78	0.762	0.762	0.724	0.852	0.73	0.856	0.538	0.126	0.105	0.103	0.121	0.361	0.362	0.44	0.373	0.329	0.34	0.352	0.295	0.107	0.11	0.106	0.106	0.294	0.306	0.317	0.35	0.275	0.241	0.256	0.22	0.123	0.117	0.125	0.12	0.126	0.135	0.149	0.162	0.166	0.159	0.282	0.167
19:00:01	0.092	0.091	0.091	0.091	0.088	0.086	0.088	0.087	1.252	1.239	1.198	1.219	1.238	1.247	1.246	1.242	1.15	1.22	1.126	1.21	0.878	0.899	0.822	1.09	0.887	1.069	1.068	1.085	0.907	0.997	1.036	0.861	0.721	0.59	0.681	0.613	0.941	0.933	1.028	0.979	1.014	0.892	1.118	0.88	0.106	0.108	0.106	0.095	0.836	0.813	0.815	0.778	0.958	0.916	0.959	0.583	0.126	0.105	0.103	0.121	0.387	0.386	0.47	0.392	0.352	0.366	0.377	0.314	0.107	0.11	0.107	0.106	0.308	0.322	0.335	0.375	0.285	0.253	0.268	0.23	0.123	0.117	0.125	0.12	0.127	0.137	0.152	0.163	0.171	0.165	0.285	0.17
19:20:01	0.092	0.091	0.091	0.091	0.088	0.086	0.088	0.087	1.303	1.286	1.252	1.266	1.284	1.283	1.292	1.288	1.192	1.268	1.158	1.259	0.938	0.955	0.942	1.156	0.943	1.125	1.121	1.137	0.97	1.062	1.135	0.93	0.777	0.635	0.736	0.666	0.996	0.99	1.087	1.05	1.108	0.987	1.156	0.925	0.106	0.108	0.106	0.095	0.889	0.865	0.865	0.829	1.022	1.009	1.025	0.629	0.126	0.105	0.103	0.122	0.413	0.414	0.497	0.418	0.373	0.391	0.403	0.337	0.107	0.11	0.107	0.107	0.322	0.344	0.355	0.398	0.3	0.268	0.279	0.241	0.124	0.118	0.125	0.119	0.129	0.139	0.156	0.168	0.175	0.168	0.288	0.175
19:40:01	0.092	0.091	0.091	0.091	0.088	0.086	0.088	0.087	1.35	1.325	1.284	1.302	1.327	1.329	1.337	1.333	1.245	1.316	1.211	1.307	0.999	1.011	0.985	1.214	1.004	1.177	1.17	1.187	1.029	1.112	1.206	0.996	0.836	0.685	0.812	0.723	1.052	1.045	1.143	1.113	1.169	1.089	1.187	0.975	0.106	0.108	0.106	0.095	0.944	0.916	0.919	0.884	1.071	1.064	1.071	0.68	0.126	0.106	0.103	0.121	0.444	0.442	0.527	0.449	0.396	0.417	0.431	0.362	0.107	0.11	0.108	0.107	0.34	0.362	0.374	0.418	0.319	0.28	0.296	0.25	0.123	0.118	0.124	0.119	0.131	0.141	0.158	0.172	0.179	0.174	0.292	0.18
20:00:01	0.092	0.091	0.091	0.091	0.088	0.086	0.088	0.087	1.398	1.371	1.328	1.35	1.373	1.374	1.381	1.377	1.29	1.363	1.26	1.353	1.06	1.039	1.048	1.264	1.061	1.229	1.222	1.238	1.09	1.183	1.251	1.062	0.895	0.731	0.957	0.781	1.109	1.103	1.197	1.244	1.212	1.186	1.211	1.029	0.106	0.108	0.106	0.095	0.994	0.973	0.972	0.938	1.109	1.109	1.107	0.737	0.126	0.105	0.103	0.122	0.476	0.474	0.569	0.478	0.425	0.446	0.455	0.393	0.107	0.11	0.108	0.108	0.364	0.388	0.397	0.449	0.324	0.291	0.311	0.265	0.124	0.118	0.124	0.119	0.134	0.144	0.163	0.178	0.186	0.18	0.293	0.183
20:20:01	0.092	0.091	0.091	0.091	0.088	0.086	0.088	0.087	1.441	1.412	1.371	1.393	1.414	1.416	1.421	1.419	1.342	1.406	1.301	1.393	1.114	1.096	1.129	1.305	1.117	1.281	1.277	1.28	1.241	1.246	1.28	1.124	0.954	0.782	1.029	0.836	1.161	1.154	1.245	1.329	1.242	1.243	1.234	1.085	0.106	0.109	0.106	0.095	1.051	1.024	1.03	0.994	1.141	1.142	1.139	0.791	0.127	0.105	0.103	0.121	0.511	0.51	0.603	0.516	0.462	0.472	0.487	0.421	0.107	0.11	0.109	0.107	0.384	0.41	0.42	0.477	0.352	0.311	0.33	0.28	0.124	0.118	0.125	0.119	0.137	0.148	0.167	0.182	0.191	0.187	0.297	0.189
20:40:01	0.092	0.091	0.091	0.091	0.088	0.086	0.088	0.087	1.478	1.449	1.411	1.434	1.452	1.453	1.46	1.455	1.396	1.447	1.344	1.43	1.149	1.151	1.206	1.339	1.168	1.335	1.343	1.337	1.317	1.328	1.304	1.183	1.011	0.83	1.096	0.895	1.222	1.208	1.295	1.387	1.266	1.275	1.252	1.137	0.106	0.109	0.107	0.095	1.106	1.077	1.089	1.044	1.165	1.17	1.164	0.847	0.126	0.105	0.103	0.122	0.551	0.544	0.653	0.556	0.493	0.498	0.521	0.454	0.107	0.11	0.11	0.107	0.413	0.438	0.447	0.501	0.371	0.325	0.346	0.293	0.124	0.118	0.124	0.12	0.143	0.15	0.172	0.188	0.198	0.194	0.303	0.199
21:00:01	0.092	0.091	0.091	0.091	0.088	0.086	0.088	0.087	1.511	1.482	1.454	1.47	1.486	1.487	1.493	1.489	1.488	1.485	1.389	1.463	1.202	1.199	1.274	1.373	1.22	1.375	1.391	1.38	1.375	1.394	1.323	1.236	1.067	0.943	1.148	0.951	1.301	1.272	1.346	1.426	1.286	1.298	1.268	1.178	0.106	0.109	0.107	0.095	1.157	1.129	1.143	1.096	1.186	1.191	1.187	0.905	0.125	0.105	0.103	0.121	0.59	0.581	0.854	0.584	0.524	0.536	0.561	0.49	0.107	0.11	0.11	0.108	0.436	0.465	0.475	0.537	0.39	0.345	0.362	0.309	0.124	0.118	0.125	0.12	0.146	0.153	0.175	0.194	0.207	0.202	0.308	0.203
21:20:01	0.092	0.091	0.091	0.091	0.088	0.086	0.088	0.087	1.54	1.512	1.507	1.512	1.516	1.517	1.524	1.521	1.565	1.516	1.44	1.494	1.256	1.241	1.328	1.399	1.268	1.411	1.462	1.426	1.433	1.419	1.339	1.286	1.12	1.047	1.207	1.009	1.38	1.377	1.395	1.463	1.303	1.313	1.284	1.235	0.106	0.109	0.108	0.095	1.21	1.182	1.285	1.151	1.208	1.212	1.206	0.965	0.125	0.105	0.102	0.123	0.631	0.621	0.932	0.622	0.562	0.57	0.597	0.525	0.107	0.11	0.11	0.108	0.465	0.494	0.498	0.569	0.408	0.366	0.389	0.326	0.123	0.118	0.124	0.12	0.15	0.158	0.183	0.2	0.211	0.208	0.314	0.208
21:40:01	0.092	0.091	0.091	0.091	0.088	0.086	0.088	0.087	1.569	1.542	1.566	1.562	1.546	1.545	1.552	1.548	1.588	1.549	1.495	1.522	1.313	1.304	1.368	1.423	1.328	1.452	1.523	1.457	1.486	1.438	1.353	1.348	1.169	1.117	1.26	1.067	1.447	1.448	1.433	1.491	1.322	1.329	1.298	1.313	0.106	0.109	0.108	0.095	1.28	1.251	1.367	1.245	1.23	1.232	1.228	1.026	0.124	0.104	0.103	0.123	0.675	0.663	0.997	0.671	0.605	0.62	0.637	0.569	0.107	0.11	0.109	0.108	0.496	0.528	0.532	0.604	0.44	0.38	0.414	0.345	0.123	0.118	0.125	0.12	0.156	0.163	0.186	0.21	0.224	0.218	0.32	0.214
22:00:01	0.092	0.091	0.091	0.091	0.088	0.086	0.088	0.087	1.594	1.574	1.619	1.623	1.571	1.572	1.577	1.575	1.609	1.578	1.57	1.548	1.353	1.363	1.4	1.444	1.384	1.488	1.572	1.497	1.496	1.452	1.365	1.392	1.218	1.167	1.302	1.122	1.512	1.497	1.47	1.525	1.338	1.339	1.313	1.368	0.106	0.11	0.108	0.095	1.387	1.356	1.431	1.359	1.25	1.249	1.248	1.082	0.124	0.105	0.103	0.123	0.719	0.71	1.048	0.716	0.643	0.649	0.67	0.61	0.107	0.11	0.11	0.108	0.53	0.562	0.565	0.642	0.469	0.406	0.441	0.368	0.123	0.118	0.124	0.12	0.159	0.167	0.195	0.218	0.232	0.228	0.328	0.224
22:20:01	0.092	0.091	0.091	0.091	0.088	0.086	0.088	0.087	1.617	1.626	1.665	1.677	1.596	1.596	1.602	1.604	1.628	1.663	1.623	1.572	1.39	1.438	1.426	1.465	1.461	1.516	1.602	1.565	1.511	1.465	1.375	1.442	1.268	1.222	1.339	1.17	1.55	1.535	1.509	1.549	1.35	1.348	1.323	1.421	0.106	0.11	0.109	0.095	1.448	1.403	1.475	1.432	1.266	1.265	1.265	1.14	0.125	0.104	0.102	0.123	0.764	0.753	1.087	0.762	0.693	0.692	0.719	0.657	0.108	0.11	0.11	0.108	0.561	0.599	0.601	0.682	0.493	0.431	0.463	0.391	0.123	0.118	0.125	0.12	0.163	0.17	0.202	0.226	0.241	0.239	0.333	0.23
22:40:01	0.092	0.091	0.091	0.091	0.088	0.086	0.088	0.087	1.641	1.672	1.685	1.692	1.668	1.62	1.657	1.673	1.643	1.706	1.64	1.593	1.428	1.496	1.454	1.484	1.522	1.592	1.626	1.627	1.529	1.478	1.385	1.481	1.317	1.274	1.373	1.221	1.579	1.568	1.543	1.569	1.362	1.356	1.335	1.464	0.106	0.109	0.109	0.095	1.496	1.449	1.509	1.479	1.283	1.281	1.281	1.194	0.125	0.105	0.102	0.124	0.815	0.8	1.125	0.808	0.741	0.738	0.762	0.703	0.11	0.11	0.11	0.108	0.598	0.636	0.643	0.723	0.52	0.453	0.493	0.412	0.123	0.118	0.125	0.12	0.172	0.178	0.211	0.239	0.248	0.244	0.342	0.241
23:00:01	0.092	0.091	0.091	0.091	0.088	0.086	0.088	0.087	1.658	1.728	1.707	1.712	1.709	1.7	1.715	1.715	1.654	1.719	1.657	1.613	1.461	1.544	1.476	1.498	1.572	1.652	1.642	1.663	1.543	1.49	1.392	1.518	1.357	1.316	1.403	1.277	1.605	1.593	1.59	1.585	1.372	1.364	1.343	1.491	0.106	0.11	0.11	0.095	1.531	1.49	1.534	1.507	1.297	1.292	1.294	1.24	0.126	0.104	0.102	0.123	0.859	0.848	1.153	0.854	0.784	0.796	0.803	0.755	0.11	0.11	0.11	0.108	0.635	0.675	0.677	0.761	0.556	0.478	0.515	0.438	0.125	0.118	0.125	0.12	0.178	0.182	0.219	0.248	0.263	0.256	0.348	0.249
23:20:01	0.092	0.091	0.091	0.091	0.088	0.086	0.088	0.087	1.676	1.756	1.711	1.722	1.733	1.728	1.735	1.73	1.66	1.738	1.671	1.631	1.49	1.577	1.494	1.512	1.603	1.692	1.653	1.684	1.559	1.499	1.398	1.55	1.39	1.357	1.435	1.326	1.624	1.614	1.644	1.597	1.381	1.372	1.35	1.502	0.107	0.11	0.11	0.095	1.564	1.527	1.556	1.53	1.31	1.306	1.307	1.286	0.125	0.105	0.102	0.123	0.904	0.897	1.182	0.906	0.835	0.845	0.85	0.803	0.11	0.11	0.11	0.108	0.675	0.717	0.722	0.799	0.587	0.509	0.545	0.465	0.123	0.117	0.125	0.12	0.185	0.188	0.228	0.259	0.276	0.266	0.361	0.256
23:40:01	0.092	0.091	0.091	0.091	0.088	0.086	0.088	0.087	1.694	1.763	1.716	1.726	1.745	1.744	1.748	1.74	1.668	1.759	1.683	1.647	1.518	1.599	1.512	1.526	1.626	1.711	1.659	1.691	1.573	1.508	1.404	1.582	1.425	1.385	1.457	1.364	1.638	1.63	1.688	1.611	1.389	1.379	1.359	1.506	0.107	0.11	0.11	0.095	1.591	1.562	1.578	1.553	1.324	1.319	1.32	1.329	0.125	0.105	0.102	0.123	0.953	0.944	1.205	0.953	0.878	1.063	0.897	0.858	0.11	0.11	0.11	0.108	0.713	0.76	0.759	0.841	0.897	0.542	0.574	0.493	0.124	0.118	0.125	0.12	0.193	0.196	0.239	0.268	0.287	0.284	0.37	0.269
24:00:01	0.092	0.091	0.091	0.091	0.088	0.086	0.088	0.087	1.708	1.769	1.728	1.736	1.751	1.751	1.758	1.747	1.683	1.751	1.682	1.662	1.543	1.616	1.527	1.537	1.641	1.714	1.665	1.692	1.585	1.516	1.41	1.608	1.456	1.428	1.464	1.435	1.644	1.64	1.718	1.62	1.395	1.387	1.366	1.519	0.107	0.111	0.11	0.095	1.615	1.594	1.594	1.573	1.336	1.33	1.331	1.375	0.125	0.104	0.103	0.124	1	0.994	1.226	1.002	0.929	1.169	0.947	0.907	0.11	0.11	0.11	0.108	0.757	0.8	0.802	0.887	1.008	0.57	0.61	0.526	0.124	0.118	0.125	0.12	0.2	0.203	0.249	0.282	0.297	0.293	0.379	0.279
24:20:01	0.092	0.091	0.091	0.091	0.088	0.086	0.088	0.087	1.721	1.779	1.739	1.749	1.76	1.76	1.76	1.761	1.697	1.764	1.7	1.675	1.575	1.633	1.541	1.546	1.651	1.711	1.675	1.696	1.595	1.522	1.415	1.629	1.485	1.451	1.482	1.513	1.646	1.644	1.728	1.626	1.4	1.394	1.372	1.533	0.107	0.111	0.111	0.095	1.634	1.622	1.606	1.587	1.347	1.341	1.342	1.419	0.126	0.105	0.103	0.124	1.052	1.041	1.248	1.051	0.98	1.22	1.002	0.962	0.11	0.11	0.11	0.108	0.799	0.845	0.842	0.93	1.06	0.601	0.646	0.56	0.124	0.118	0.125	0.12	0.209	0.212	0.26	0.299	0.316	0.306	0.392	0.294
24:40:01	0.093	0.091	0.091	0.091	0.088	0.086	0.088	0.087	1.732	1.788	1.749	1.76	1.768	1.764	1.766	1.763	1.713	1.774	1.714	1.688	1.599	1.647	1.551	1.553	1.657	1.723	1.682	1.709	1.604	1.529	1.421	1.65	1.511	1.481	1.498	1.569	1.648	1.645	1.728	1.629	1.405	1.4	1.377	1.548	0.107	0.111	0.111	0.095	1.645	1.641	1.616	1.599	1.355	1.352	1.352	1.457	0.126	0.105	0.103	0.125	1.098	1.088	1.265	1.102	1.031	1.252	1.187	1.016	0.11	0.11	0.111	0.108	0.847	0.89	0.886	0.975	1.096	0.649	0.683	0.585	0.124	0.118	0.125	0.12	0.221	0.218	0.274	0.316	0.331	0.323	0.403	0.304
25:00:01	0.093	0.091	0.091	0.091	0.088	0.086	0.088	0.087	1.743	1.791	1.764	1.772	1.776	1.774	1.775	1.774	1.728	1.784	1.73	1.698	1.619	1.659	1.559	1.556	1.667	1.732	1.686	1.716	1.612	1.535	1.424	1.672	1.538	1.494	1.514	1.595	1.653	1.648	1.71	1.631	1.411	1.407	1.382	1.563	0.107	0.112	0.112	0.095	1.65	1.652	1.623	1.607	1.364	1.361	1.362	1.497	0.126	0.105	0.103	0.127	1.15	1.229	1.278	1.145	1.082	1.28	1.266	1.069	0.11	0.111	0.11	0.108	0.891	0.936	0.932	1.019	1.122	0.683	0.724	0.623	0.124	0.118	0.125	0.12	0.232	0.226	0.288	0.329	0.344	0.337	0.416	0.317
25:20:01	0.093	0.091	0.091	0.091	0.088	0.086	0.088	0.087	1.753	1.802	1.775	1.787	1.782	1.778	1.782	1.787	1.744	1.796	1.737	1.71	1.636	1.669	1.57	1.567	1.677	1.741	1.693	1.722	1.62	1.541	1.43	1.688	1.563	1.507	1.527	1.619	1.657	1.653	1.718	1.632	1.417	1.413	1.385	1.576	0.108	0.112	0.112	0.095	1.651	1.659	1.629	1.611	1.374	1.371	1.372	1.536	0.127	0.105	0.103	0.126	1.207	1.307	1.296	1.194	1.143	1.303	1.31	1.125	0.11	0.11	0.11	0.108	0.939	0.981	0.978	1.068	1.142	0.978	0.765	0.657	0.124	0.118	0.125	0.12	0.244	0.238	0.302	0.35	0.361	0.357	0.434	0.337
25:40:01	0.093	0.091	0.091	0.091	0.088	0.086	0.088	0.087	1.762	1.798	1.787	1.798	1.787	1.782	1.788	1.793	1.748	1.805	1.743	1.718	1.649	1.677	1.579	1.577	1.683	1.746	1.699	1.727	1.627	1.545	1.434	1.706	1.585	1.52	1.538	1.631	1.661	1.655	1.734	1.634	1.421	1.418	1.387	1.589	0.108	0.112	0.112	0.095	1.653	1.661	1.631	1.611	1.382	1.379	1.378	1.565	0.127	0.105	0.103	0.126	1.343	1.346	1.309	1.237	1.213	1.319	1.338	1.177	0.111	0.11	0.111	0.108	0.987	1.028	1.022	1.112	1.161	1.089	0.818	0.698	0.124	0.118	0.125	0.12	0.256	0.251	0.322	0.369	0.385	0.373	0.451	0.352
26:00:01	0.093	0.091	0.091	0.091	0.088	0.086	0.088	0.087	1.771	1.808	1.796	1.809	1.792	1.787	1.796	1.8	1.746	1.815	1.745	1.727	1.68	1.688	1.588	1.581	1.69	1.75	1.705	1.734	1.634	1.549	1.437	1.722	1.607	1.537	1.548	1.647	1.663	1.659	1.741	1.636	1.427	1.422	1.389	1.599	0.108	0.113	0.113	0.096	1.655	1.663	1.632	1.61	1.389	1.387	1.386	1.595	0.126	0.105	0.103	0.128	1.426	1.396	1.324	1.28	1.267	1.334	1.354	1.226	0.111	0.11	0.111	0.108	1.035	1.075	1.066	1.157	1.175	1.143	1.07	0.741	0.124	0.118	0.125	0.12	0.273	0.265	0.339	0.391	0.401	0.398	0.471	0.368
26:20:01	0.093	0.091	0.091	0.091	0.088	0.086	0.088	0.087	1.777	1.819	1.808	1.818	1.799	1.793	1.804	1.809	1.752	1.824	1.752	1.735	1.703	1.695	1.6	1.591	1.696	1.755	1.71	1.739	1.639	1.553	1.441	1.734	1.627	1.545	1.552	1.654	1.666	1.661	1.745	1.638	1.431	1.427	1.392	1.607	0.109	0.113	0.113	0.095	1.657	1.664	1.632	1.609	1.397	1.395	1.393	1.621	0.126	0.105	0.103	0.129	1.472	1.44	1.339	1.351	1.317	1.348	1.368	1.275	0.111	0.11	0.111	0.108	1.082	1.12	1.108	1.284	1.186	1.176	1.169	0.783	0.124	0.118	0.125	0.12	0.287	0.274	0.357	0.418	0.423	0.414	0.491	0.388
26:40:01	0.093	0.091	0.091	0.091	0.088	0.086	0.088	0.087	1.782	1.834	1.818	1.824	1.811	1.798	1.809	1.814	1.76	1.832	1.76	1.741	1.746	1.708	1.605	1.598	1.703	1.76	1.713	1.742	1.644	1.556	1.443	1.742	1.664	1.557	1.56	1.665	1.668	1.662	1.748	1.641	1.435	1.43	1.394	1.615	0.109	0.114	0.114	0.096	1.657	1.667	1.631	1.608	1.403	1.399	1.399	1.663	0.126	0.105	0.102	0.128	1.504	1.47	1.353	1.442	1.446	1.362	1.379	1.315	0.111	0.11	0.111	0.108	1.128	1.166	1.157	1.35	1.195	1.197	1.208	0.825	0.124	0.118	0.124	0.12	0.306	0.29	0.384	0.44	0.447	0.439	0.507	0.407
27:00:01	0.093	0.091	0.091	0.091	0.088	0.086	0.088	0.087	1.786	1.843	1.824	1.831	1.816	1.809	1.816	1.82	1.767	1.838	1.768	1.748	1.764	1.711	1.617	1.604	1.708	1.764	1.716	1.745	1.648	1.56	1.447	1.752	1.682	1.564	1.568	1.678	1.671	1.664	1.751	1.645	1.44	1.435	1.397	1.624	0.109	0.114	0.114	0.096	1.655	1.668	1.63	1.606	1.408	1.406	1.406	1.695	0.126	0.105	0.103	0.124	1.529	1.496	1.368	1.486	1.486	1.374	1.389	1.354	0.111	0.11	0.111	0.108	1.172	1.21	1.201	1.395	1.206	1.212	1.231	0.872	0.123	0.118	0.125	0.12	0.324	0.306	0.403	0.469	0.469	0.461	0.533	0.426
27:20:01	0.093	0.091	0.091	0.091	0.088	0.086	0.088	0.087	1.787	1.851	1.831	1.836	1.819	1.804	1.822	1.828	1.773	1.844	1.774	1.752	1.756	1.719	1.616	1.607	1.713	1.765	1.717	1.747	1.652	1.562	1.451	1.762	1.702	1.57	1.575	1.688	1.673	1.665	1.751	1.648	1.443	1.438	1.399	1.634	0.11	0.114	0.114	0.096	1.653	1.668	1.628	1.605	1.412	1.409	1.412	1.716	0.126	0.105	0.103	0.124	1.546	1.516	1.382	1.538	1.5	1.386	1.396	1.396	0.11	0.11	0.111	0.108	1.216	1.252	1.248	1.438	1.216	1.223	1.24	0.914	0.124	0.118	0.125	0.12	0.344	0.323	0.425	0.491	0.492	0.489	0.559	0.449
27:40:01	0.093	0.091	0.091	0.091	0.088	0.086	0.088	0.087	1.789	1.854	1.836	1.847	1.828	1.814	1.826	1.839	1.78	1.854	1.782	1.753	1.759	1.724	1.625	1.612	1.717	1.767	1.719	1.748	1.657	1.565	1.454	1.772	1.728	1.578	1.579	1.697	1.674	1.667	1.751	1.649	1.446	1.441	1.401	1.642	0.109	0.115	0.115	0.096	1.652	1.668	1.628	1.605	1.417	1.414	1.417	1.73	0.127	0.104	0.104	0.124	1.562	1.535	1.398	1.571	1.507	1.398	1.406	1.439	0.111	0.111	0.11	0.108	1.257	1.296	1.365	1.475	1.225	1.232	1.248	0.959	0.123	0.118	0.125	0.12	0.366	0.342	0.451	0.522	0.519	0.516	0.583	0.466
28:00:01	0.093	0.091	0.091	0.091	0.088	0.086	0.088	0.087	1.793	1.857	1.844	1.851	1.826	1.813	1.827	1.841	1.786	1.852	1.787	1.753	1.757	1.73	1.634	1.619	1.719	1.768	1.72	1.748	1.661	1.569	1.458	1.781	1.746	1.583	1.577	1.708	1.675	1.669	1.75	1.651	1.45	1.444	1.404	1.652	0.109	0.115	0.115	0.096	1.651	1.666	1.629	1.604	1.422	1.417	1.423	1.736	0.126	0.104	0.103	0.124	1.576	1.553	1.415	1.597	1.517	1.41	1.416	1.476	0.11	0.111	0.111	0.109	1.296	1.428	1.445	1.506	1.233	1.24	1.256	1.006	0.124	0.118	0.125	0.12	0.39	0.359	0.481	0.557	0.549	0.544	0.611	0.496
28:20:04	0.093	0.091	0.091	0.091	0.088	0.086	0.088	0.087	1.796	1.86	1.852	1.854	1.828	1.821	1.827	1.844	1.793	1.853	1.793	1.755	1.76	1.736	1.639	1.62	1.721	1.768	1.721	1.749	1.665	1.573	1.461	1.792	1.753	1.591	1.584	1.717	1.677	1.67	1.75	1.653	1.453	1.447	1.406	1.662	0.109	0.116	0.113	0.096	1.649	1.667	1.629	1.603	1.426	1.422	1.428	1.755	0.124	0.104	0.103	0.124	1.587	1.567	1.433	1.617	1.523	1.419	1.426	1.509	0.111	0.11	0.111	0.108	1.385	1.495	1.493	1.527	1.24	1.249	1.264	1.056	0.123	0.118	0.125	0.12	0.415	0.382	0.511	0.591	0.575	0.568	0.638	0.52
28:40:01	0.093	0.091	0.091	0.091	0.088	0.086	0.088	0.087	1.797	1.867	1.854	1.858	1.834	1.821	1.835	1.846	1.802	1.857	1.798	1.759	1.764	1.74	1.645	1.631	1.724	1.769	1.723	1.75	1.672	1.577	1.465	1.798	1.759	1.598	1.59	1.725	1.677	1.672	1.749	1.654	1.456	1.45	1.408	1.672	0.109	0.115	0.115	0.096	1.648	1.667	1.629	1.602	1.431	1.426	1.432	1.762	0.123	0.104	0.103	0.124	1.595	1.579	1.455	1.63	1.528	1.429	1.435	1.541	0.111	0.111	0.111	0.108	1.482	1.53	1.524	1.546	1.249	1.255	1.272	1.102	0.123	0.118	0.125	0.12	0.443	0.407	0.546	0.625	0.603	0.597	0.672	0.548
